0	0
0	1
0	2
0	3
0	4
0	5
0	6
0	7
0	8
0	9
0	10
0	11
0	12
0	13
0	14
0	15
0	16
0	17
0	18
0	19
0	20
0	21
0	22
0	23
0	24
0	25
0	26
0	27
0	28
0	29
0	30
0	31
0	32
0	33
0	34
0	35
0	36
0	37
0	38
0	39
0	40
0	41
0	42
0	43
0	44
0	45
0	46
0	47
0	48
0	49
0	50
0	51
0	52
0	53
0	54
0	55
0	56
0	57
0	58
0	59
0	60
0	61
0	62
0	63
0	64
0	65
0	66
0	67
0	68
0	69
0	70
0	71
0	72
0	73
0	74
0	75
0	76
0	77
0	78
0	79
0	80
0	81
0	82
0	83
0	84
0	85
0	86
0	87
0	88
0	89
0	90
0	91
0	92
0	93
0	94
0	95
0	96
0	97
0	98
0	99
0	100
0	101
0	102
0	103
0	104
0	105
0	106
0	107
0	108
0	109
0	110
0	111
0	112
0	113
0	114
0	115
0	116
0	117
0	118
0	119
0	120
0	121
0	122
0	123
0	124
0	125
0	126
0	127
0	128
0	129
0	130
0	131
0	132
0	133
0	134
0	135
0	136
0	137
0	138
0	139
0	140
0	141
0	142
0	143
0	144
0	145
0	146
0	147
0	148
0	149
0	150
0	151
0	152
0	153
0	154
0	155
0	156
0	157
0	158
0	159
0	160
0	161
0	162
0	163
0	164
0	165
0	166
0	167
0	168
0	169
0	170
0	171
0	172
0	173
0	174
0	175
0	176
0	177
0	178
0	179
0	180
0	181
0	182
0	183
0	184
0	185
0	186
0	187
0	188
0	189
0	190
0	191
0	192
0	193
0	194
0	195
0	196
0	197
0	198
0	199
0	200
0	201
0	202
0	203
0	204
0	205
0	206
0	207
0	208
0	209
0	210
0	211
0	212
0	213
0	214
0	215
1	0
1	1
1	4
1	9
1	60
1	92
1	94
1	95
1	128
1	148
1	150
1	154
1	169
1	170
1	180
1	187
1	217
1	226
1	284
1	285
1	380
1	474
1	659
1	706
1	717
1	736
1	921
1	1099
1	1171
1	1234
1	1371
1	1383
1	1488
1	1570
1	1579
1	1910
1	2242
1	2370
1	2378
1	2396
1	2504
1	2521
1	2526
1	2569
1	2738
1	2828
1	2956
1	2979
1	3482
1	3574
1	3877
1	4003
1	4189
1	4472
1	4789
1	4790
1	4791
1	4792
1	4793
1	4794
1	4795
1	4796
1	4797
1	4798
1	4799
1	4800
1	4801
1	4802
1	4803
1	4804
1	4805
1	4806
1	4807
1	4808
1	4809
1	4810
1	4811
1	4812
1	4813
1	4814
1	4815
1	4816
1	4817
1	4818
1	4819
1	4820
1	4821
1	4822
1	4823
1	4824
1	4825
1	4826
1	4827
1	4828
1	4829
1	4830
1	4831
1	4832
1	4833
1	4834
1	4835
1	4836
1	4837
1	4838
1	4839
1	4840
1	4841
1	4842
1	4843
1	4844
1	4845
1	4846
1	4847
1	4848
1	4849
1	4850
1	4851
1	4852
1	4853
1	4854
1	4855
1	4856
1	4857
1	4858
1	4859
1	4860
1	4861
1	4862
1	4863
1	4864
1	4865
1	4866
1	4867
1	4868
1	4869
1	4870
1	4871
1	4872
1	4873
1	4874
1	4875
1	4876
1	4877
1	4878
1	4879
1	4880
1	4881
1	4882
1	4883
1	4884
1	4885
1	4886
1	4887
1	4888
1	4889
1	4890
1	4891
1	4892
1	4893
1	4894
1	4895
1	4896
1	4897
1	4898
1	4899
1	4900
1	4901
3	0
3	3
3	8
3	9
3	17
3	28
3	49
3	60
3	87
3	98
3	114
3	144
3	150
3	154
3	168
3	179
3	195
3	241
3	274
3	398
3	399
3	403
3	405
3	413
3	460
3	511
3	516
3	582
3	653
3	825
3	844
3	931
3	1004
3	1050
3	1229
3	1280
3	1377
3	1710
3	1912
3	1923
3	1949
3	2042
3	2088
3	2139
3	2149
3	2332
3	2370
3	2496
3	2504
3	2526
3	2587
3	2597
3	2603
3	4902
3	4903
4	0
4	1
4	4
4	98
4	108
4	128
4	381
4	446
4	683
4	897
4	1230
4	1344
4	1437
4	1513
4	1835
4	2271
4	2378
4	2382
4	2515
4	2545
4	2795
4	3758
4	4173
4	4299
4	4308
4	4472
4	4689
4	4810
4	4828
4	4865
4	4877
4	4904
4	4905
4	4906
4	4907
4	4908
4	4909
4	4910
4	4911
4	4912
4	4913
4	4914
4	4915
4	4916
4	4917
4	4918
4	4919
4	4920
4	4921
4	4922
4	4923
4	4924
4	4925
4	4926
4	4927
4	4928
4	4929
4	4930
4	4931
4	4932
4	4933
4	4934
4	4935
4	4936
4	4937
4	4938
4	4939
4	4940
4	4941
4	4942
4	4943
4	4944
4	4945
4	4946
4	4947
4	4948
4	4949
4	4950
4	4951
4	4952
4	4953
4	4954
4	4955
4	4956
4	4957
4	4958
4	4959
4	4960
4	4961
4	4962
4	4963
4	4964
4	4965
4	4966
4	4967
4	4968
4	4969
4	4970
4	4971
4	4972
4	4973
4	4974
4	4975
4	4976
4	4977
4	4978
4	4979
4	4980
4	4981
4	4982
4	4983
5	0
5	5
5	11
5	15
5	37
5	69
5	154
5	195
5	217
5	219
5	226
5	381
5	398
5	405
5	408
5	410
5	413
5	583
5	917
5	962
5	1229
5	1592
5	1600
5	1782
5	1835
5	1859
5	2092
5	2220
5	2411
5	2438
5	2494
5	2504
5	2515
5	2552
5	2571
5	2830
5	4643
5	4797
5	4805
5	4845
5	4858
5	4964
5	4984
5	4985
5	4986
5	4987
5	4988
5	4989
5	4990
5	4991
5	4992
5	4993
5	4994
5	4995
5	4996
5	4997
5	4998
5	4999
5	5000
5	5001
5	5002
5	5003
5	5004
5	5005
5	5006
5	5007
5	5008
5	5009
5	5010
5	5011
5	5012
5	5013
5	5014
5	5015
5	5016
5	5017
5	5018
5	5019
5	5020
5	5021
5	5022
5	5023
5	5024
5	5025
5	5026
5	5027
5	5028
5	5029
5	5030
5	5031
5	5032
5	5033
5	5034
5	5035
5	5036
5	5037
5	5038
5	5039
5	5040
5	5041
5	5042
5	5043
5	5044
5	5045
5	5046
5	5047
5	5048
5	5049
5	5050
5	5051
6	0
6	6
6	217
6	228
6	381
6	1171
6	1489
6	2494
6	2830
6	3853
6	4805
6	4817
6	5031
6	5052
6	5053
6	5054
6	5055
6	5056
6	5057
6	5058
6	5059
6	5060
6	5061
7	0
7	7
7	555
7	1439
7	1789
7	1871
7	1894
7	2306
7	2852
7	3047
7	3115
7	3216
7	3494
7	3572
7	3701
7	3914
7	4005
7	4013
7	4113
7	4225
7	4336
7	4589
7	4906
7	5062
7	5063
7	5064
7	5065
7	5066
7	5067
7	5068
7	5069
7	5070
7	5071
7	5072
7	5073
7	5074
7	5075
7	5076
7	5077
7	5078
7	5079
7	5080
7	5081
7	5082
7	5083
7	5084
7	5085
7	5086
7	5087
7	5088
7	5089
7	5090
7	5091
7	5092
7	5093
7	5094
7	5095
7	5096
7	5097
7	5098
7	5099
7	5100
7	5101
7	5102
7	5103
7	5104
7	5105
7	5106
7	5107
7	5108
7	5109
7	5110
7	5111
7	5112
7	5113
8	0
8	3
8	8
8	9
8	11
8	14
8	17
8	18
8	25
8	26
8	28
8	35
8	38
8	39
8	45
8	49
8	50
8	52
8	53
8	55
8	73
8	78
8	79
8	86
8	87
8	96
8	106
8	109
8	110
8	114
8	121
8	131
8	133
8	138
8	141
8	143
8	145
8	150
8	154
8	162
8	168
8	174
8	175
8	179
8	180
8	185
8	187
8	188
8	189
8	192
8	194
8	195
8	206
8	216
8	241
8	246
8	253
8	267
8	274
8	283
8	304
8	324
8	335
8	336
8	340
8	342
8	345
8	365
8	366
8	372
8	375
8	383
8	385
8	393
8	398
8	399
8	400
8	401
8	402
8	403
8	404
8	405
8	406
8	408
8	413
8	416
8	447
8	452
8	460
8	478
8	482
8	485
8	511
8	533
8	538
8	539
8	551
8	582
8	586
8	587
8	588
8	608
8	638
8	643
8	666
8	722
8	748
8	770
8	776
8	806
8	844
8	866
8	871
8	879
8	881
8	891
8	898
8	906
8	946
8	951
8	973
8	1050
8	1066
8	1067
8	1072
8	1094
8	1098
8	1105
8	1111
8	1117
8	1154
8	1175
8	1196
8	1210
8	1213
8	1229
8	1230
8	1248
8	1285
8	1297
8	1299
8	1301
8	1320
8	1327
8	1341
8	1346
8	1365
8	1366
8	1369
8	1374
8	1411
8	1422
8	1453
8	1469
8	1473
8	1490
8	1501
8	1509
8	1513
8	1519
8	1528
8	1545
8	1559
8	1563
8	1585
8	1593
8	1594
8	1600
8	1611
8	1624
8	1636
8	1645
8	1658
8	1663
8	1670
8	1673
8	1696
8	1700
8	1702
8	1714
8	1723
8	1734
8	1750
8	1756
8	1764
8	1781
8	1789
8	1796
8	1825
8	1832
8	1835
8	1871
8	1877
8	1899
8	1910
8	1949
8	1971
8	1973
8	1982
8	1999
8	2002
8	2010
8	2012
8	2033
8	2042
8	2047
8	2062
8	2067
8	2092
8	2135
8	2136
8	2139
8	2150
8	2152
8	2159
8	2178
8	2201
8	2224
8	2225
8	2238
8	2239
8	2243
8	2282
8	2284
8	2330
8	2332
8	2357
8	2362
8	2370
8	2373
8	2398
8	2411
8	2413
8	2423
8	2424
8	2440
8	2488
8	2504
8	2509
8	2513
8	2517
8	2520
8	2539
8	2541
8	2542
8	2578
8	2587
8	2601
8	2603
8	2611
8	2617
8	2619
8	2624
8	2628
8	2629
8	2702
8	2738
8	2790
8	2845
8	2850
8	2880
8	2887
8	2897
8	2912
8	2949
8	2964
8	2999
8	3010
8	3069
8	3105
8	3108
8	3204
8	3470
8	3611
8	3648
8	3699
8	3778
8	3839
8	3924
8	4217
8	4298
8	4381
8	4404
8	4406
8	4421
8	4424
8	4566
8	4587
8	4632
8	4672
8	4718
8	4799
8	4828
8	4860
8	4902
8	4906
8	5046
8	5066
8	5083
8	5084
8	5090
8	5096
8	5102
8	5114
8	5115
8	5116
8	5117
8	5118
8	5119
8	5120
8	5121
8	5122
8	5123
8	5124
8	5125
8	5126
8	5127
8	5128
8	5129
8	5130
8	5131
8	5132
8	5133
8	5134
8	5135
8	5136
8	5137
8	5138
8	5139
8	5140
8	5141
8	5142
8	5143
8	5144
8	5145
8	5146
8	5147
8	5148
8	5149
8	5150
8	5151
8	5152
8	5153
8	5154
8	5155
8	5156
8	5157
8	5158
8	5159
8	5160
8	5161
8	5162
8	5163
8	5164
8	5165
8	5166
8	5167
8	5168
8	5169
8	5170
8	5171
8	5172
8	5173
8	5174
8	5175
8	5176
8	5177
8	5178
8	5179
8	5180
8	5181
8	5182
8	5183
8	5184
8	5185
8	5186
8	5187
8	5188
8	5189
8	5190
8	5191
8	5192
8	5193
8	5194
8	5195
8	5196
8	5197
8	5198